50282033
57345470
12597465
61446887
39798214
69007330
64319536
91200354
26978678
26597442
38604515
54640850
26884623
45113019
65873158
96804480
68483228
28986299
79232466
87683877
32827584
35900127
95905102
79701631
39616271
83538775
47696220
39441044
30827928
50696393
11632958
63769901
57078511
56517226
31474055
43731157
72924489
31761232
52532004
39833631
23356776
17833335
51391455
88022034
56569237
67601726
49791728
16670152
40015537
14734331
55241153
57652073
39089567
67182177
16763997
37288552
99049183
34368266
27055849
31281196
14532017
21955615
56280508
67620155
19781475
52333243
46587171
98233915
32111863
46174816
22603768
50100778
38349422
10627443
92393200
97031331
70990344
93896759
26729123
18778165
73266787
85568758
38613806
82798644
92999716
37109305
73819816
87218492
88581080
94328647
50735354
82235209
24826257
96077199
38212466
76893579
47888530
52157632
71947993
72844227
29946845
17836863
25907024
85166545
34127347
75180833
27162913
56793257
78585264
40109675
94159019
77676827
91702697
90652247
17169984
33511710
83422861
86011801
99486486
59195639
55053392
29047226
57307606
61776026
44367186
51524560
14869243
33333057
32487176
24574419
14311071
21932781
89695074
37572719
83262841
23597739
95363002
55849430
83200546
67787726
32410077
25430745
92113436
16869669
32305408
25758724
72014186
50666238
34303098
65818291
48934397
30111589
13327151
87173002
36012887
53344986
88287265
56293289
74173908
68704327
75012424
70804155
57436210
34845958
93911032
12611928
48221404
85962416
25878201
47984898
75137870
98344148
65894997
50275111
36146183
13341756
15775238
91315709
21581510
78681354
80692886
63465631
45212407
33579593
42161955
36391081
95601563
83425305
43735840
53969328
58806108
32420377
33228498
25960608
91988000
88099421
66445911
12284460
59436662
31375998
29839090
43494149
94485116
68458550
73180162
64506056
72948983
81251635
33947871
68964936
86564241
31027852
69178338
76966446
60968990
28354035
26969129
48492511
72449376
68635337
36653240
23215806
93315640
19401609
66683788
67540732
17510398
79614373
74201440
72568173
50384566
83873326
18853504
41453687
27720408
84107545
66678284
42920444
48353881
86020666
61189026
75716646
74538130
63205486
48143261
63612244
87139065
77248200
80749584
40204098
39946477
69377789
62084387
36522944
42723542
16187904
28448869
69247821
26778108
10248353
21372354
85945709
40440885
67292852
73032312
67526425
54503697
23862103
93031331
53571760
25158876
34409351
95875419
81944589
25057310
97055857
10298474
48754346
74487990
92125942
53628189
40414528
31151521
17935876
82457156
45404173
47231799
18601041
34857999
78982575
21319755
98984586
91283131
12517370
11084827
24101436
30051518
66193757
46053347
85084473
92219327
40062831
43441315
90533551
31385068
82918510
58402317
59485475
82290899
58119931
58033090
20454716
30595146
15659844
58056018
88580285
87290538
20073404
65173447
53697042
29788253
79279874
10199194
28429165
86926309
27140534
11843029
48035133
59351838
90882055
96341629
22058473
48918433
76822667
80489942
44884529
76375959
68598185
10789707
47730208
21742824
13562390
94327841
49762521
45906962
18608289
47803908
58525540
77901712
16466873
51319291
11794739
91001180
82473849
15321097
10810756
85789087
45598180
85446573
25103622
31255070
10424975
15135283
33806052
26531659
27062372
10032364
72915179
49378970
65320129
99090100
97995847
37469069
44392529
12194517
60316687
16761894
24063385
51322930
67122258
84717832
68016910
39703839
69989706
39036419
77350546
75095970
36449313
59271171
59322784
47787009
97426868
72769166
53776719
42006150
60511947
72181489
95726956
90910274
94558722
18045216
84124568
67559061
85203587
28205992
17838570
49058264
16786572
26616195
94063711
34922572
89805317
96957374
93970947
35512686
10209562
51054205
67078855
69164847
58791298
37231855
67400005
91224169
94190712
10000986
87811127
27684575
46285929
11268197
60384990
82192736
44073366
41346731
75216747
80564227
88893642
95766461
20947610
63072178
82840609
53541461
25407581
30447225
47981758
38232757
68457300
10522665
58615787
79307822
15506781
51220792
53126634
69955797
50663828
84374606
55311376
72214542
94535854
39374943
45699970
28204952
15707451
13893414
29833861
93550529
27248144
35818460
95785281
63392051
95056032
25447076
11970057
32448259
52274740
50833441
20793744
79008345
78562596
18272089
21573821
13347542
39742395
62482361
83419986
68063499
44527262
99569399
16296522
63141031
15143948
48465086
54495345
50774021
78328828
35578248
95341486
75471098
48340430
74089486
71713930
38328120
13307238
59777535
55029272
95422833
73510971
57933158
94847410
22590457
48507763
43086039
64330705
79052535
89219288
63601272
18224023
67627257
93737639
99830586
30123642
60984307
90207452
63783002
76748839
90286509
37842968
61571856
12366698
64777266
90657747
62401680
15896214
16481741
58422109
54985029
37501346
91012384
61253550
94044414
11625913
73148154
90397686
63853910
33197737
26383614
49630596
11327029
63426542
92984105
21762945
67633983
41580504
27292839
84339529
14161027
57809487
82425295
19126684
52987706
43866064
82079145
60432455
13027753
76127977
84874918
33846152
13134314
39618611
70782057
77645872
24166096
14148032
39289105
68140894
75226695
91093523
65004608
66869218
22951251
87931650
11883056
85287083
82251551
46593175
32661866
41108096
59678316
96478825
75248707
37776421
91041426
18324150
16506635
47453500
63730503
27888831
21499362
12918685
35172813
75148394
45404345
10616189
17951594
97907455
81492294
77661873
27303779
16764943
88129539
14873541
41860956
76192914
95507783
45716091
99971313
71384219
72509026
98337389
96377206
48544457
55998168
93445488
94212459
95736801
38990240
74790835
49794294
93094997
80771563
37372997
39900096
18692555
74169138
42921446
98901884
64617197
26136774
29511868
19769656
79353530
29324773
34655769
32305468
53690928
28689137
49382625
58308894
10705808
92835864
68761828
10033752
81717284
11077208
23875355
97891739
85438468
75162829
92787399
37907225
99076902
92711141
60768263
81836815
64299312
97369752
19232914
68308891
33791258
85313569
97150890
49178906
88039878
78993220
57994969
29715331
64315913
63261317
86402244
11687590
34751656
95271390
18068933
10091208
90370181
43104449
35238630
37776598
61770908
38933176
85245647
30466595
84437730
68083140
14146555
53685013
71486873
66093696
58390893
95414862
33046425
95416599
35387541
50392579
27143712
31691599
29971197
32381027
73488952
62279917
63363686
99681027
90587712
79010649
24299836
30882341
29462260
14127126
60182279
47906693
66117939
77440868
31501593
19372623
69123036
90857695
49416884
69204980
79258692
22569635
57449871
42217347
37217690
14201873
23461264
75711636
43462830
33311350
14414717
27310305
82033124
63359103
15954631
67964356
72155010
44287724
34036789
51826358
36470493
20003923
21431092
54479598
31235830
73694517
97973232
12869404
55193958
68581790
31931333
31256703
14838674
97722458
11240715
50017674
17887722
97498601
22658854
13548147
35113447
19512801
85891958
29373926
43661107
14036025
77902009
75017426
11100155
60374845
12528571
40766815
29100928
62610174
73460156
73785622
22414757
35240112
95332149
11692707
92852796
63238894
75570100
41312093
60395700
26780412
72480087
81623402
51584740
27715294
75419424
78727602
10111893
50994146
47609661
46470308
58965155
71920035
13915172
13962699
68120530
79605319
10112017
51017678
27000138
22306566
10759295
85962500
60738060
66204197
53671240
35861387
53460092
82137803
46966693
53641148
90811630
37742935
44668132
16123264
58668646
46363852
28126956
38379512
78480701
38765619
99014468
38279450
59046812
48571282
90716929
52392772
96133614
54117188
55116442
44604568
40833475
85290314
60671959
64965219
16803674
33203804
31778477
52960414
41371081
87589232
45324820
37271735
28149884
30932875
77602743
70552508
80515426
78260073
48297067
93846927
92235760
82117431
48287337
97258708
86270656
88312964
56530807
43273342
59195906
13499266
27786758
76819275
27826926
19911358
78743986
44081000
98365254
41294775
49205801
31635808
76350347
17679081
82611233
97174747
70716610
23389841
28406353
98407941
94135320
75592828
13681703
55079293
20406025
62115428
63875481
38836980
89915226
28661079
32736733
74401526
41750048
85714560
66392238
28266696
22864100
12297589
65510036
74803425
12759629
41668050
21888763
88186116
43050176
71753928
91253423
99480385
76151019
14306157
64231864
39707459
21418207
71617770
19249768
19721569
80249039
85975974
50612526
78227677
60744374
82362188
35198142
52101142
44119294
84303327
14380496
73260679
38099217
10239285
30970555
61730448
89044521
11653617
46657833
41164044
95759352
52365853
49871142
21111060
10476400
17027168
64015156
54093886
90885707
37339888
19189130
73205155
69780656
79163642
43623149
54442464
40092434
28260956
95431147
57835567
20903984
13619905
17043044
19617141
89142742
32378003
25663327
82229820
13844325
84657288
53089150
99438377
18857339
86406713
22148157
42035337
65544035
59314056
88882819
53214689
87050210
38499973
12771807
78717695
85493231
45889240
24608996
46607697
57057430
64584363
96118050
27883877
50544024
71050608
79478924
80896308
74372335
88325775
90568112
66953404
90149556
97292778
21861477
45775877
35249912
86437958
71476924
21564660
58374933
74018804
58077896
13292771
57519661
48411416
56453717
17488162
40762941
83486573
51627968
62081885
81878877
91390355
20670722
30260027
76032594
89865294
52655460
68753352
74308682
54454469
75791391
93495080
62828074
27237077
46933433
57720429
92726307
86865132
92990381
32455660
72721975
25790451
11863351
65711592
16419002
40967162
97957280
57789278
20190816
99807079
45533558
70970687
40172610
79304467
42107219
61397909
11618486
69388034
78314722
55721038
17336147
39241481
85281607
87826939
99361917
80221414
29098830
60035334
65115416
18590376
80735499
48565874
85244541
52299411
22255628
47941317
76030006
76058288
71390323
59533927
54107193
17632247
57120541
37924574
98169824
74574158
71290307
44154716
92788170
16067508
22263053
65716835
59799608
27537012
26673261
22284278
41695814
51043094
29493984
47929958
20755731
83723818
10524109
64548240
55421285
53795373
86067994
50215165
44811423
95716789
96520998
45566479
35556995
18583898
96134711
72953365
26637019
20935824
97260807
45627887
46209939
95045141
94434653
59352894
56158328
32819801
99528755
86750445
85697170
91631848
59524144
95097767
59093999
49947267
10181003
34087994
59563957
39525695
39503990
50049545
38709284
95326257
67115992
13652571
64803369
33726684
79895221
88443644
94067949
88559263
49560519
32161452
72443394
56633604
86336376
16288631
37503172
41981738
94526219
61149295
48148917
38939681
68015231
32144354
54510884
26831797
79251859
10766436
95859693
20191252
55265036
34953152
75339081
37298416
78035210
12406675
31045324
60561503
16097009
75970170
87546199
36114368
25557451
78183965
91338496
45066367
63323100
43188461
51331260
78358038
37784017
50381221
16784275
24784507
89270162
76286875
55715718
76004969
31739117
33264020
49797632
82878837
56597295
89393595
73438141
46507479
34106113
92102378
23911638
29719452
54641069
58419427
37946451
41978716
21377074
31798973
35468751
24749309
53481781
86080906
70315000
34054300
51979664
20222281
38590469
61389710
31819278
90314286
41148933
86922471
95433258
86410019
56871260
58887814
24548948
83627242
91857154
79720335
31504608
12530156
64984420
61164465
15529726
17829374
47442819
79207657
81602567
81807435
15646936
93630367
13525650
55065211
23896019
67126725
62623448
10798746
79733618
50921470
44789756
48140366
66742108
55692568
29620181
46286395
18213917
28937527
90114241
97994335
21191454
63373135
74328992
51348135
53956873
20150232
95645747
27805513
31342481
95031604
68685729
21311092
20253381
86765621
59904971
42455709
27602664
84295509
66108381
10419702
55814603
99074611
63496334
82342554
64724035
62375689
83795606
84317887
99700265
98696898
26829408
46462875
89235770
90033670
35966907
14213349
80638918
39493893
78148237
78507547
20964810
70025208
69210808
34305147
49977658
97825833
75782041
81759173
44341349
92826596
76351123
46138819
42816934
84940510
78619958
20994067
15590097
82660245
70571465
26051777
84638285
80067153
19730797
81716449
27357292
51767386
49721213
99739991
97793376
51589694
28736781
15068189
26723294
63797565
29366261
19531451
37193650
92901769
59896918
52566758
79928398
27536067
44460933
73956940
32117960
13500388
12146339
19596028
74839293
14377028
35255456
22652010
15922958
24595605
29806024
48942724
77929691
22169461
69097904
91029132
82151736
61785946
32933078
69393758
25983520
11385720
79974751
19320768
45053655
81265335
59245692
46446716
31823969
75304381
63657553
65752431
10415141
86193710
87298771
35046367
48691272
24332408
69701651
53585821
69401498
34267767
43762890
22816780
97105029
44629894
52454477
94385037
96512912
42178424
48476284
37012562
35447721
99586434
63600259
36438146
69907814
80249831
96128151
78580536
62664532
62475756
72791386
19908444
16552284
86544795
25503363
46868811
19534342
48395633
28098057
25005281
70673267
89031839
98396487
46970002
42916171
24897480
18814476
69397133
12088844
94145567
26454030
66713676
87945524
56108020
52835797
93124547
92673391
31989717
49079817
88617870
50438012
36313951
24274171
46806673
72899186
14336482
18374988
58446722
82631181
34004242
69681249
55088074
75451816
98279632
87723627
73012795
49381988
54235754
25501971
73630140
39333074
80724591
30487088
27660144
15585346
55489457
13733430
33169621
21228540
30183759
77952427
27817061
67738927
43385088
72993824
13499314
56647774
92609994
14891165
30557168
16749572
67056377
61359965
67880662
32627979
28146990
84869966
16337327
62408831
67495982
37622014
94246966
11623573
56599065
52017321
15894568
62618552
27976606
35454985
95125999
99602529
30193528
33333634
23150093
86315357
75818784
12013819
43292719
99176314
78179052
37003500
49433202
20208325
79993849
66025024
41551008
88813569
83299318
56425410
76473597
96040882
72838285
89597073
63698598
24839707
82898550
76359721
43174694
26294176
88249866
36258298
91400385
90379722
34265036
64139639
53855278
48067733
28551412
81815151
80777823
94185736
32503681
12217801
29507312
28602398
65917146
17703877
41149990
17270758
76845813
40683775
12365242
70174227
69014513
40715572
18694106
34876808
52437284
24561614
57790438
92954622
13135133
53827351
87800026
64721479
18405794
19086415
87641836
84557484
15689364
44601505
66170215
47951066
56161460
54992993
79958011
66827267
80147423
59516458
64268095
32177510
90820766
16173058
30083188
24628606
64369243
50380338
74540863
13884809
75772007
78568669
96899107
50558966
77120305
69996328
99915491
56052004
11193718
77521032
89811748
94652805
34040023
75274493
50423938
40353923
62935286
14121469
54539728
91110301
79840162
46871009
92640985
31142475
84942400
77749052
93189818
88798614
13865293
85568880
78264882
22030861
76158664
97666244
83174630
29689304
41683685
63357019
78728706
35025164
68979544
38485034
94136254
16438506
58253247
63759413
27582504
38631712
47094694
55130324
32364044
57491283
40591578
88086661
18451984
95466705
21103671
77656305
96678358
95799979
78876495
75882139
19587427
52464519
11226909
64592929
13817839
82541736
90235813
48450741
44501722
77020648
29858352
19007328
54594783
62006242
32268770
25408876
56583179
44035029
70282632
18538769
67220829
89081658
14274047
81464680
41351986
67553182
56208163
22852343
91149141
47980957
16694749
80568522
72715883
55558016
39366941
24837963
75922029
30102204
13513583
40705819
70181660
30827656
41122892
65440784
38728703
53130111
56224047
21032391
97923945
24147732
37138312
46256385
81347764
22852012
66015448
56300223
55673586
74943050
16287252
79053831
15881751
45358909
53194479
99492502
29843053
73158723
46355770
49380667
19780744
76931175
39822412
21781912
49810583
55815190
21993309
97028375
80773548
40694640
88134296
78902626
96538836
52485693
14392920
72241336
72216926
62420948
67280714
42536181
59624908
96369855
69858543
81675340
90233051
44963261
31397079
94696949
96331536
97936708
37607687
70223798
63667149
46912461
16837405
34155195
54096744
70831842
50345116
36470445
14448809
18850099
72903011
57817920
31578822
74926621
81799739
67195540
29187087
29532199
83179003
62201229
83802811
57553973
28155402
30373034
45667973
70986615
93178297
62488869
34639968
18721973
45792675
45668483
70139749
10403225
70445360
57793360
67416043
14307407
11504115
52534882
96339807
11715020
82162939
98265430
83444187
28549529
41209008
26089393
61437556
63857713
38373139
56348884
18070796
98511514
95105185
72554882
86849213
46742267
41597332
15895679
44856115
89374181
10789299
72033795
53866262
82550215
81554417
88238997
46421981
51772902
88568504
30016639
16631649
69253198
18794360
98131785
19770988
23789827
32254196
66169003
50902085
17892170
29527849
92572401
66329900
17029360
87842526
41860434
54437033
96658642
40341795
57527875
13327475
72843254
58865834
41497909
67865675
82321894
59004295
14422989
77986175
14118413
73593766
57623237
76885930
67361203
13052112
87736214
19111135
59487025
37608408
66158912
61595627
16283851
56902859
17274943
76343626
44852656
61369567
96834199
48555240
69234493
90681656
92972593
19386875
75517677
52965719
75599417
93438588
61766389
12083565
80736433
87677990
76302270
79002471
10318219
48327461
13694155
17406602
86592111
23228171
25352915
54601983
79365981
23270525
35600261
80482622
43876807
31651673
65345831
51182879
46444694
41111728
24266308
41694742
27221238
64304933
67849808
10360636
42020721
33966105
88311221
46606659
53614767
63053047
63751605
79323193
54229364
76386300
84108365
57543512
35411181
69049547
55359973
15816738
94757098
64327282
63042621
46526900
98349450
20870325
50182542
95778995
42937590
28636826
25935520
94400037
62235836
99421530
52210339
21526528
32399694
48414456
47088519
96079139
55233110
84235110
78850521
97669228
24897602
60334225
13691333
88603420
91461875
93793624
65817120
98818869
69394879
61193681
43298259
68635238
94816364
49675305
20765105
84410616
28165232
15288581
12377052
62229662
49262915
50834919
75455712
16753714
56036452
58102765
37500225
50767439
60532872
59278719
45782786
59751428
37014685
93747974
58473316
66675244
78318113
87044604
35696000
53007256
46848127
29187333
41614530
19150955
35768060
54620224
75005336
70619288
80664257
62433223
97120173
48575673
45480619
84870340
24217822
56419057
82251373
51456024
54243550
49347101
20151434
62305374
23508678
27695542
46669459
21475399
43886705
22700633
13631498
75824381
47360533
42850351
45630626
40223152
90884279
41985653
38962568
88827623
50019189
37722368
85909933
34351017
95355317
83563473
80433724
25562901
59118125
92291654
55119616
27602324
74224142
61238564
79137013
41907682
85595815
72288843
44960058
75369820
51755621
66497904
21232312
20755450
36185563
49923019
59975372
49181490
41838142
38439929
34257009
26306822
91038860
62432811
14511919
31583193
72341657
19535504
10686481
98453773
82783217
27365671
44779356
37301400
77789950
55873446
80640454
17988059
94758033
92454522
64305132
10761188
40429673
74730208
27077018
29588123
35325070
81954274
82440317
45151604
15572226
61136423
88368901
57850548
69263604
56063184
55886315
40335960
19147100
63778273
23031749
74246878
75735311
33885431
97273030
48755920
50364843
24596774
84833459
72804129
95536721
14726606
80159643
72550936
81455777
95784681
59103898
92873827
81100586
36017471
53662382
73901535
55000285
12639794
54111683
40543799
70373728
68169587
99695329
60174483
98594053
92739382
14093105
18621333
53744048
52064720
41692246
56003660
87421085
12822959
95283395
44696340
68756968
32353938
38023638
11611852
28019380
66687428
38433387
77026927
70128992
20339055
44938494
21895545
29267326
14661815
15612007
67325224
36117908
80626988
81580221
82917537
56308952
99473288
52796951
18917765
74046749
93647882
76862710
82151392
66809406
50327957
31222178
95987997
74696396
90102834
41487224
15252595
95606118
70728103
11429638
33962187
35883931
67511703
84943474
99207735
46162672
36062991
51940536
92978081
45626960
61991640
63998924
39135053
80439584
36054463
70218233
70066155
69798498
49724935
97000067
28422985
70732033
66390870
66102842
90519837
32492149
60727186
53101906
15897022
58511971
20580518
17978090
58563735
24937283
66702315
90994718
14438373
37823564
70883571
36604372
62462023
64871836
53213004
91045006
13657882
31476217
18183848
39833050
53642377
67075748
55098464
94411784
84940607
92247820
66564191
92639605
76241690
16193923
21316860
54728265
38423254
59869831
28768997
30903623
74533212
79677202
45065016
87290758
57161328
41491613
97130601
72661862
47820991
76162008
37671822
90142482
83587211
98740446
51011719
72303515
50499538
67645760
47903305
74845770
77078229
35479817
11707487
85563906
69719462
53209957
45430890
77074202
74844378
45263880
59185625
79637413
45588297
70042396
53779829
99773266
22545576
62334325
79212194
64101513
10032245
86425415
19496256
16640176
24981275
95415022
70834410
98637838
11259272
33798564
21631946
53951749
35948962
24660660
17622119
50022600
56771011
29903345
83646714
60327632
78869812
56513360
94308275
97420596
64015225
48549012
18492875
47930422
96230805
78092365
82032787
59143949
20827273
71339296
78924152
18830612
76874353
23154413
50267713
74284140
58474783
40056418
56202303
91921105
37890971
85725884
16097186
47221852
19941408
15333282
86020261
93005309
49049311
66673195
29490770
21550862
10421799
60885830
45685306
28060090
24324527
51380582
36285245
94560517
70866132
41747179
69925455
73780386
42841813
62375929
61369607
12882776
18334578
74826016
61183263
89897713
87736338
49822570
84121711
93009432
91717800
68316853
85120198
35194080
29655448
69497973
41871336
35161932
79683495
34136874
78777424
69516407
71286168
84233280
95096003
38599715
25688603
16557035
90747147
76607626
15866187
67275877
17488455
31824581
73193161
20191624
95063759
40789219
14894803
51162960
16394533
65741671
19378117
28417200
17828076
69131101
29624767
41118206
34614224
95635395
17710580
68101361
64741730
34399512
73395576
88980091
47531895
93736808
92547841
61952928
10941208
36731077
61113122
81051777
66307487
84111964
22848010
28225459
92820776
36906036
54756171
80852083
66111384
61295607
61815625
80003127
84648112
44049370
39217870
15718562
27223908
97655929
13718417
87915323
97613876
61728658
98164528
32910273
24398729
21737201
68338205
99751258
19236906
74086976
97819764
15525374
73806602
98201351
96205456
85670394
17263147
26927711
22884435
43762314
24980540
92394874
52203289
95102084
40059010
13334742
30657978
48719256
12280049
69685983
24184786
78906108
54669749
59576433
58836217
65374292
81513756
81869876
64038788
16348733
55350902
90851378
34957112
76731020
35794533
60984039
85312332
71225874
99011354
62278881
98769281
34306589
44220733
32722524
74749665
15479031
57460255
25496762
54485182
18998088
62218664
84554007
88662659
21606705
77046997
59440687
10721425
20280643
85196700
36571788
34264001
10553443
74327372
31043952
37400961
71110207
52411088
20523848
34862141
16943473
62505158
43882602
70022309
93961564
74773393
73387779
95161500
80587482
80665046
70009106
46591415
96646247
58029505
22255555
57654845
58678694
93690535
89723918
89947940
81686007
53569831
21175034
35207944
20820078
84071722
36156468
28401846
21352834
18878515
18284389
67286260
17196831
47171378
22056352
61938770
18491676
25234394
69158824
31660164
14259255
69253854
89688580
30074661
28929373
83712755
96648554
85464023
78794413
77124598
64457070
13634570
61436669
44369106
50762805
19002428
20332977
53080231
82682126
19475819
75738062
47718816
69371618
16413860
97176861
98499338
26231452
86016839
20968432
27493342
66903112
60701207
70291198
23510580
32110449
40933961
58811956
80229084
38854699
90256376
78788344
16760354
62044041
15271406
35762976
60057212
57421844
29251583
41540045
65577148
47837662
79464548
92767013
22909205
51471471
18388037
73682192
10312875
12110511
65875222
34851212
14052192
25569744
27875391
98819563
11069995
40367113
22421661
46263454
33841750
35052175
50718046
95583484
86542994
29495057
59776524
84401077
43202192
39895783
75300581
97281477
50165182
10944383
55930311
91890640
20461800
85602141
98638406
69227024
86038732
58186870
37850303
93347495
49540034
56194970
39282885
73511708
74543657
40394328
75522389
16405177
52130722
10681030
63122190
44463050
55029047
44024648
27294986
42700958
95615492
61781228
43758811
19685453
46737810
39951356
72949951
30361533
56887561
21599259
52961785
75963278
91636645
20288109
44419908
49158018
45437507
78623416
53222742
21294854
24493138
89014262
49441421
37608330
93769173
14260199
64228322
10126460
99761847
79577178
14364880
71007697
53186806
65235818
51412844
11882427
31270175
76644263
38721199
15625872
39643036
68628847
65219099
39403175
84528496
24463778
37953625
18090919
54490056
76156097
30749311
63683750
20625467
38915114
87867813
94738851
23999419
51239139
59735879
32387985
48181842
33534679
22419094
63481172
46262895
82814625
62675948
16627214
19689148
41339942
64233368
21248219
59529545
96197493
41947790
64574307
13884945
59550004
49399713
47398768
23394914
41459207
93928792
97344736
92063426
78346507
88945253
73011899
63977201
42956449
20977752
14356258
34570569
63231347
87157889
92840275
32312906
83448844
30525814
59218876
29110140
16923896
93207797
70756171
76538574
82001851
74147726
19460359
12850510
57976728
27852598
37553393
94622975
20417329
67514991
59081960
14090667
94698850
34382341
54843656
50318949
46010634
78005940
17859618
54199918
44537662
47295932
92170199
87512979
94639270
69938313
94280380
14120232
90494079
47112352
26448679
78642727
31541643
22572398
99273178
36943595
37378450
77651692
18887491
37563313
13470288
45854168
37212658
83708213
21021263
55022510
34012630
88669108
34178567
45835263
44622068
49153270
27779709
79970233
92028833
68964476
75149872
20372142
20421217
95515171
18493541
61830085
87495542
72259072
97021668
29882961
16815087
80682991
90592720
15291264
54246874
93751799
49372992
72809574
81782646
34389633
11061838
31873517
50936224
35375826
81817681
63006133
62615478
30465992
93793859
71164045
48527885
93143480
50097109
69323426
54100608
43725062
68114264
29625232
19975664
20057384
99074136
71988232
45129765
11853959
77162361
25161230
32600022
34213086
52580093
71607039
83847877
11234752
93423930
91634238
46944259
57977129
68457814
17892200
45849373
77802788
71784535
91129392
18949822
11031680
90672360
65851401
31364559
79869828
26541196
25388048
50005838
99837025
46483854
50814068
68058339
15153744
19087193
18643125
50599492
79584964
13995227
46827699
80383587
86171925
11925353
51445522
89373691
84055232
33282475
27573345
44979379
59092013
83776546
53917907
29051089
97153134
46491836
59945261
44036167
17973489
61477774
41528608
74718573
69636884
43869628
25710600
70552699
30241218
78875427
48215375
35445318
67938400
17903775
36054125
51798164
51813241
63648166
72347285
19289616
42189626
60735371
75858334
17046387
18570397
46637180
90715781
89405566
43696644
14435496
53222592
17371583
37073937
94080744
96093619
69150293
86367795
98012593
97324471
33795620
99655839
54650995
63300663
89768396
99185957
46487336
80060621
42407416
58410337
80672602
82195645
73013523
35101618
96879867
20876249
53383900
61312160
44694023
93348715
41318633
92488485
81536577
48238858
19380289
10542420
32217202
69152706
23044833
29493816
70437901
65718391
85912349
92144422
29997604
17620702
99478577
88643897
38265047
68800615
28303938
78646314
70360014
19724556
82475351
97262815
18841618
77827745
83933904
64621360
46799991
27251212
21753266
40707765
56038242
95691293
25196341
15873070
55491543
34044467
83925445
81506983
94675278
35113508
82585983
97389682
78063814
85910023
16718689
24730571
70094591
37171296
70275634
85673159
26128033
80410103
15477253
74454621
43042916
70445071
93999675
38712866
45411150
65451291
42962077
30840118
95187435
72695846
95975219
79130836
66514398
18500246
71455170
14474930
96478360
38828798
92767137
54239076
62065588
55582009
25220492
79246438
96625642
60207225
81947546
87046341
49635751
65022553
96454435
17020514
73108661
51335802
86463023
24310843
37924477
15000834
20895923
18555395
11713039
62105344
98364245
19720610
75657362
96370699
46110864
74626664
81850263
95559632
93765864
19355252
76818478
19768841
95390817
14447602
95295495
74524178
31620056
15779129
70828796
90306502
16132823
88243912
81953010
60568707
82476231
31866975
12381340
50591051
40160967
96911014
76221200
11667079
87042378
80488894
21445662
46804210
73350818
71253236
57479083
77461928
49649530
22304162
25356378
68212206
38911292
34548375
13059894
28219581
49963357
26310925
43906729
86561556
56837902
71523380
63289686
34347503
34673591
38037968
65810963
45646530
83112605
15391036
21681784
52194435
62716316
59682564
67299513
82247384
58008825
58775931
21536668
87019369
53533017
70772738
94788012
38578431
14881231
58111153
31918220
27359608
47167180
36786038
79728330
34948480
92205471
47607804
75946550
60824889
97741035
17662629
46881477
59478770
24005585
29803150
61032766
58242542
92519850
11919329
44348431
63906873
83346812
82382635
17078897
97214419
68116329
55619894
91132995
75281201
77187813
94042236
28577032
11936588
86150082
51004578
61342841
91887657
46529387
68822567
82371054
74303885
15805409
91206923
72372125
32687639
70713396
77892499
77258553
45041596
77957759
14711822
20451442
86854847
74827928
95341546
57468324
55984337
11462969
53767595
53259183
68370474
21982504
40982576
40503099
33260279
39588988
37963759
37235537
64622785
50312369
26196070
61631226
85201468
70310193
74156081
16179167
35357353
21580781
77439210
72211881
76161372
90150282
38720547
90909306
76635634
30648331
72732355
86367162
25505092
72277376
80795141
14890487
83266066
27089672
27889849
60332884
42835779
65550158
73005946
13516992
76833376
84776399
34269057
87498249
75798070
64143435
33489977
57999799
89983150
70140246
86153190
83677645
43027834
77731740
27250244
33027246
13762181
73392678
63677973
95702677
63190173
46162320
74330288
30479323
71334434
22152085
94548853
67632872
59396511
72464888
77234533
92631088
80414093
60790729
16167986
19846875
87058075
20241800
88247629
32269997
30643020
73502703
58831485
34271503
69512972
93025022
51682212
23424300
29635053
22460348
81490195
84484474
48031549
67282399
46549765
31617209
92322051
60155920
61941052
63168645
34319734
22577556
63642585
56862678
39363628
27421404
14678421
62369099
95803196
39422387
26483545
23119282
22516605
46508672
29716923
69568763
14645301
79510397
30943867
12742653
30564710
90319457
90665295
31774489
88069842
57611399
18273685
43641513
22584769
18370489
27352746
42395980
92740742
33254188
41814530
47610056
55374737
33343858
25206722
12425544
53066797
25620448
92765886
73034316
74997051
77017245
93010677
11547492
92456865
72518077
87566626
32245438
65348827
68536047
64181240
26603313
62230683
48419458
22938751
90309509
62758318
23661005
93347375
96937017
97990812
30994801
36281980
29036742
61840376
16386057
58170140
44006434
63916338
95820443
21406263
50080524
55174876
42009317
16467088
19595559
14154326
24715982
44562646
79381731
25536973
70232931
37776991
70102852
65392145
27067526
22504922
91959762
66569360
59670624
28516280
19849561
95624594
81546243
21004297
26348918
75097184
98023081
90721265
70901055
94178709
66298434
22282768
38364814
51734180
34249897
85609592
75921415
62457297
53538893
34351920
97980519
36118531
60947209
13238228
81410003
42829735
13014481
70283594
47482070
94405068
27332017
65641467
65867897
79774869
74017380
21657528
70745209
16716266
76262577
40344327
36107552
35471677
29514742
59730835
42792890
84345778
80644601
15794142
23024122
15019970
53252016
37039035
44541845
46143852
57128960
85405503
93476473
83573675
77634932
82019302
61522499
82343160
23509653
44530977
16808686
24957770
45238013
78325278
16237169
40499159
13494985
60150578
74895238
33106747
16179116
19986049
63915555
58908097
28433428
38115575
31684127
90490968
98686401
62128587
29305551
24465380
12328821
58121541
84239221
46026843
61497869
92759202
91197274
14199291
52764535
30381361
71897281
18838625
16018536
95695925
96437918
94150645
68804032
30064625
75837389
49186145
25992589
56156162
69358053
12821011
15215027
39951026
67363483
68642746
39882755
85470685
44310151
25092732
58478004
81013474
77635705
17298431
41610853
61131766
43660710
75358023
81812971
31049140
46847471
26145638
79704936
98631717
92856206
68166235
93915627
58398599
76457882
63327047
48866148
69231305
17296421
21730284
69081835
90894180
60559593
26003309
28219184
11867957
88663575
65073601
96168939
17396699
14015769
35149348
62329169
96725568
89150118
40906900
22404575
14949495
61672570
78474310
67985950
45284411
29263981
46134553
68199658
79659695
61316287
61117683
88266885
73435579
27651907
95360040
72904514
13195502
74414680
40492004
43924967
40235442
91992504
56765505
19384311
63629363
51670404
83396155
64530127
68118749
29943996
85945670
97506845
38367734
85620162
29934181
10911461
46559493
64363379
15769718
62670868
68582114
29223301
94601149
21574914
51512693
46544128
69919199
10730623
26121433
90052978
61527274
92430646
56418139
37639820
34303942
58719307
14372516
39193981
44731520
51523530
15593529
94022806
28535860
89896381
30277983
98734238
71825648
35459832
70583887
10644233
25476198
81521641
18119362
66141688
20464260
95707477
71859720
75308630
86707970
37412273
47523611
50222753
47917095
94529467
84614053
88660522
17414944
45106149
51417133
25575585
96061114
38354728
81713094
78202315
94581803
84967803
58373344
97625982
48028479
57117759
28026363
32453218
30244945
95944349
12500667
29467405
26631685
24129760
96524783
33782294
87507007
99956978
15449202
33028784
30285327
92069454
67875372
26846852
88806684
77633159
92641514
94428463
17022762
64226489
83458684
66265287
28335135
34309783
29884916
75582268
70956943
87877408
93243034
46503125
26004917
72158034
29115533
87939071
92832992
47765075
86660346
83930233
84980065
79093191
16804240
93732025
48293839
91259639
98463881
86028549
96397188
58046004
15183906
61482418
93976668
76843318
71564908
90431228
59055070
24031657
62097407
36448422
97397964
48106619
42059875
27760263
25076578
93037794
84181145
40704701
24116591
84606406
89912908
60488112
82444969
78622736
44403783
30634052
78115459
22970003
32736330
31705266
64686996
43136651
75422549
67123539
77059382
26827461
69090225
22396716
20365230
20276686
36917406
34680595
55524956
60923440
12605279
28025605
91381809
42983314
37108947
67669669
19467832
41521333
18160425
73152103
95607135
92586054
55356277
25927878
18061372
81037395
93084307
26750098
71429818
27112794
57191844
66644450
77046825
40598001
94131311
78536051
58007092
55710467
28794079
68416351
96431661
42504580
95407622
54127349
95506644
45731807
78995939
13726700
10899665
35031146
56085836
45581797
44455941
41167513
73333950
85473055
94733291
76772186
69725934
78688533
15063759
54601790
99961045
69530014
11882244
34845928
77930371
61868950
62688523
78975501
41201314
51949507
71040728
97160195
37340372
70433424
65142217
88491396
27682766
22641984
82415755
15736901
67561974
43899685
29183239
92025456
43007287
31497120
21193242
39718819
37364142
32995344
75624353
28611455
75462107
51815854
76121525
59480612
82426371
82208791
14290678
72674530
77819108
11319504
22608263
93370943
68169852
65085523
40445513
97608994
53686546
11276242
64963007
94464995
45722197
68266907
34230214
47288939
51114915
94297389
69486332
45120613
81671033
26894902
74464809
79143543
90242319
85368851
40124304
57990793
82595085
55312725
59727008
87813669
53919455
32671868
69184792
93907938
79235861
98250458
48266956
81216390
31096052
75894782
66408341
65582476
64120717
59629822
90271389
66678317
91094514
49013968
66319929
65350901
65986802
72219972
89513444
37057355
91694073
59429281
75262071
58947373
27464419
63016797
97258140
50192656
96430563
79952148
77738402
78652190
31627634
56076158
12883309
59814261
73001291
24507786
54285651
81109559
72561189
21483203
48170099
91945853
66792176
58024699
29827998
79194947
93346818
94529766
78623538
24935151
13926216
35001121
94769091
59440051
83887794
21435034
95079861
32795754
96756269
65868061
30086753
61336801
46523094
89911863
98780173
59116243
32514477
88032394
25271834
37377095
30261554
69501502
16624343
69732629
43301497
33982486
24126752
32956913
20998647
66826779
94735462
45295243
31478855
53732680
20464338
60897522
25778078
10982330
16806342
74302612
74853528
36789636
29096654
31116532
60230410
97028485
41492610
83748297
85646918
33818326
42075390
72976232
65579812
56524572
41355026
62070023
15015595
31904877
24457849
14966571
74164285
28840183
86004852
64024681
64724009
91253059
86522409
49917528
33899198
56783640
28788339
24439121
61250850
46277244
73412151
82710759
43239484
78039351
99165050
31806399
93787053
42492884
52039525
51081368
25975316
87881349
77594850
14258144
39434311
19389553
81679311
19998115
98929374
85303965
97073097
45914029
43588582
63618307
98098234
51053996
73567860
42628788
30332673
95857098
46056717
85102032
77540992
65797124
55243323
90160705
23560018
66544445
40197934
66322609
87992748
91954021
52859301
92288131
26945441
65934922
68946760
88490134
29959329
17638279
56823322
49099881
21198603
79783749
45102846
81851021
50643797
61951546
49592548
19050858
99518669
44111477
29260312
13260878
60805654
42242469
85061855
13326089
96370664
74174311
26463975
20333421
24840617
65356983
44913447
39415946
90037272
62691296
76777379
90879999
40471750
70232503
60165228
51650438
94842667
58750841
66263607
33048246
98574769
36649886
11620505
98222964
50267587
21936137
17500756
54013048
18245026
56650067
90425647
78052930
25467418
55794603
79709199
53272597
30266835
27614448
92236195
96772678
23297624
26132370
22321073
91230124
13541910
36601132
30503091
90036157
52026413
43874137
47703750
29300942
27457156
79836197
25984328
14752898
52879098
66840007
32488810
79178532
88012481
31173543
34358648
44560207
92797799
30405662
22463053
84359669
70546148
83295255
65216977
41743864
82957424
50762334
70966702
67069977
96236070
25233802
31053320
58722453
25651107
21206116
10150913
79996578
55132591
76975110
66318196
28163476
56758827
77402767
78635319
47822148
78251330
88417395
69433678
67950508
91106789
21272205
43339848
26144678
99992517
78782018
68342430
37156706
95666888
47481008
93674283
26412691
52942262
41712671
62235777
64284666
54476468
78629840
84513667
56940470
47512344
67538234
38737463
55670851
26996622
52344700
39397462
38150697
73530068
81508251
17492305
34557487
46666095
98856241
97695225
50370269
77896905
60589989
26720682
19007321
92859666
92142801
31850022
38991089
19793871
43036304
62133577
96440768
22926564
88403473
98926887
21258225
48575945
42185269
74324031
62735129
29825191
99004570
93877004
42345053
73353785
36308664
86819816
78585294
70437325
80395332
82924214
56759923
37699697
95360903
85203088
44425198
44172941
71359441
33469425
39212667
45851645
78877504
92749078
13803641
52530455
64368682
91868010
84898908
64394271
10210956
12157524
53926788
66113011
65804059
84053558
89398442
46312990
84860849
96670999
80171792
46934108
48422979
93648116
39597782
42160338
93454559
49730820
12058795
22617844
72430310
61212008
66703693
30227362
70491132
29146476
38217850
60362114
97851707
28527633
72396499
11000330
66111337
94600398
12237479
90638055
35739872
56687446
20266179
22451101
72629676
76807180
11516309
97355120
75905273
33303073
98664223
64147082
62777811
26823950
31913284
18610551
90904613
71531531
46057230
84588608
66290252
88493226
11584807
32884663
89389510
61584189
61345637
33599640
29475140
62334138
96852253
83952293
23577383
17752678
55642807
84897149
15073084
81444170
50904803
68548776
53194739
54650877
31917968
65290509
23064737
42346001
60374927
40511425
28656371
47480668
67132294
58476592
77892739
60645640
17169391
87219352
88444989
21361074
48382006
67201456
73805294
32912444
16731442
76882993
17309197
36212635
31388369
61159861
82325280
69301036
73071642
10196630
85282592
11985367
32638536
75680635
46067264
17126879
85833090
85488405
39772024
45665314
56984474
35959630
47833716
91908915
88557370
70521685
82813060
12652913
14216719
16850993
72200221
68001500
58548220
45881469
32672438
32317363
89403904
27714525
99175226
67311392
38606762
67545910
25725104
13621237
60459642
86877404
34515293
40751247
66518635
82559114
71279552
18748135
92254172
43620149
99880827
73221747
62924178
75853111
49351868
42925303
39369942
50397192
62057832
24682290
32661068
98977970
40831455
78828795
19703251
43399373
94650352
20178771
77880949
68752490
90051129
27393884
85937442
71666487
60642577
78515549
84243623
92400173
79597674
60147362
74996784
35792828
41699072
30965621
24448585
61785499
17703675
92409389
93990584
10576651
24714776
90829038
14736058
18648004
95054750
99931513
38240892
13579216
53859965
71164449
91781845
34622107
48916313
80741659
17555779
11004211
27252534
39967794
56361808
99710219
36243514
63961270
23039618
72096362
61970077
13867996
75689589
34629544
62919162
93710889
99933201
31240760
61818282
59345777
46008070
98077822
16643071
81855816
26531823
60983665
11400019
22927120
36182327
43832598
23207794
95639443
63842270
13397159
43314021
67209995
88951460
12071213
18661580
51259426
89211921
16982111
34610868
41439342
55729582
11522177
75264392
63418336
60078035
80966934
13361725
17079188
91495736
21590426
36406059
93857103
72154380
27124812
17458113
14369196
18052869
40893601
85939136
71452574
26105152
39655302
86542926
53082477
38577525
74610931
81793927
64990737
43953791
35609033
25263103
46691728
50540644
30482745
79401900
46259533
12004537
10956638
12514160
72155199
97845545
12289744
49944352
20424719
42151450
63326433
22242178
76031486
75357713
11956647
85394154
58749826
30750803
49632793
70140549
53457300
38301111
28985254
63381352
18866822
32054964
47831746
43541059
42127997
51201711
21605871
90728307
38710586
10648894
20609164
75403707
12295806
38999359
83334184
23182051
77026796
82082814
32464424
18896114
51669104
81576472
46747391
98901241
30776602
92675129
85358561
88800096
54784727
22471374
95329090
61399310
25115330
22065267
42415084
63090690
47324138
34018219
54061976
86578885
80477252
75675745
27068227
18539844
12754450
58809444
34274823
16360114
33909303
43004719
31637332
84060558
39328063
25800267
34078776
34522811
56592257
86547048
43221643
20911024
68102535
44522323
51070477
40174297
16438822
36560538
82935282
20699737
86757490
17156506
42652529
95928970
62461839
60290351
95042780
27677031
96900949
44146045
85376250
80549735
33550135
84694584
79656360
25763785
48174658
20428692
69913677
59329010
49754573
50987683
11817402
23874539
74471984
73570104
24268675
78772231
96464647
56555798
79047538
21701182
63200575
80303687
41488757
51357946
80015795
24752509
99536205
82652408
88816963
70523961
78465334
72670998
30994353
35275130
19524571
37851782
99990578
57776156
33880502
91124142
59116674
27039160
24196478
36855768
80672052
72691389
26493030
55061735
29117934
74490739
53248171
82516556
75000905
95575671
52144446
57414414
25561259
11285471
18986635
15563378
62386202
69070427
68699510
26034543
99307839
22075497
55393922
13285597
39054492
29396237
89479627
88323498
46201509
36106171
79065342
71846773
91449083
18427734
44452261
14118589
76627978
85904477
66306011
48346714
11008273
96976405
94074981
68533604
87889377
78977280
14143600
22225484
72666781
45203954
84132600
31962033
46255890
69064792
98474874
62946087
20067676
15319232
62418911
43129478
74683501
39723948
12434583
23663127
12194062
49682412
53276263
41853110
83977292
75202641
99753194
97856019
35029978
25001810
50710871
36058801
26865045
61857471
30233429
67294797
11208869
71385484
93444714
82162590
41004389
16452578
62714275
67516927
72989228
13247286
59853219
74784327
51399092
84428431
34889162
57378153
29708644
34874001
13429731
71018712
73037005
15851505
39951717
38755788
21464936
48812035
86176182
40652428
23888309
37257930
35767051
65188415
83501696
97839116
37115950
93558167
92852529
62884008
46248330
14131861
72909732
47745255
60640140
44640421
28211096
73831095
78676657
42481629
56382432
95795212
69546841
89056868
53688148
33262045
70003956
81749594
38382527
77327172
98774519
18749473
57859591
81715547
60161201
35681385
61720101
67868786
57936480
19785435
56900729
50652795
62393633
78812987
91564712
61149639
67841728
85057295
73392866
57832041
18791335
38709008
32497523
85631271
80875076
52629367
90604101
92810358
73241781
95496445
30002429
71277031
33429070
86519756
69552322
84775738
66459543
57043851
97865367
19800562
46385018
61797271
70309820
55643706
62387969
29815537
95595284
83539514
83593905
89266119
20314851
63121160
83561555
53061292
92125314
28425851
91205689
10670086
62967504
33672289
65733562
79462150
64319921
98199492
36367980
97188294
65316261
55372665
11449811
46515349
52611405
23273860
66586003
45330144
79269959
50961290
55557670
30129450
27792527
61625447
73884439
78791142
65683076
31185641
83987823
55064722
82339628
67146020
37666852
51759366
95421154
83297463
31436419
13318118
53958783
45420243
76668823
77719110
77010436
20494750
28456502
53770640
15943967
15215042
35828611
80616462
51544239
51096986
92597894
79046857
33851672
62393934
36592411
98582011
59005746
98595360
12409330
39358561
79944449
34390934
30050971
72823769
57173919
91609321
58734719
84839647
88019537
83380219
25664265
30524494
45292706
31274446
37467516
96656556
53374163
89110908
19165672
73125592
69962776
30333305
32385136
83673324
28423972
96490264
65417724
64464961
32156856
69032399
35398413
21317710
12265687
38345852
84391071
34697249
68878696
94228452
66172938
76087293
28961769
12110067
48693513
91254037
70743117
30303761
85526642
37652319
67453829
18014454
84928514
50234670
95903760
33655416
87978799
81326129
57010793
97802208
11102268
28151326
61648350
27497916
91848959
25291258
55382657
38139679
67365760
45937253
75989841
15061757
31133034
23957729
63618950
57899152
60679053
63246535
92350742
12140606
95047959
16577736
80005360
12462991
57210868
36951446
52043639
91637093
98190387
24831509
24297700
37582808
10999966
33990770
37403941
53711877
35363573
54799372
96056611
93808616
12072352
27092053
78798003
41711815
82180233
75598029
20628329
92999881
84551852
53803978
83410133
39837289
89937961
72928635
43792724
49521614
60049822
64682242
18841424
33269026
13226399
43068333
94611293
73476204
32101386
42126890
98983569
78795716
43085935
12791304
55877410
31539046
90400633
44595679
90408836
87937485
58890808
46065975
33117715
20173980
71579970
97254742
84552390
21830270
84388534
74470489
95278077
76781017
84529377
89378261
24501016
99854216
85753924
77682774
11261921
47159774
48306590
33455538
64232600
99967850
56732812
45036083
69487688
90068810
17434974
87358638
40229320
86596962
13379693
62132579
83520460
52144456
86827562
29025440
95204652
77381809
10588958
52836986
64987820
97376476
50041193
46322671
88456029
82814058
62795245
97737810
56879044
14375862
47064495
31591452
67622898
25742054
50329287
36522043
71565274
72258425
27944125
31805552
32894483
46148225
11695513
88273686
28843011
34380778
89676467
86916628
30173711
77303925
28427624
40236298
20332757
12426764
33155553
64043138
22848235
42989693
83630135
40825583
33463928
17150462
68849933
34834267
11009068
72430885
96343478
81356486
11864441
89097648
28133963
80016126
95466075
66804235
82161261
80327150
55735351
51082813
57940750
87303305
36901735
72114583
32423026
52997929
79550069
60883380
74157393
72319752
66092986
63027779
32900449
13935220
24921119
51823074
60953072
76549521
44706029
99738092
12650697
83749081
84389085
85992688
19556879
66240397
79409070
13175822
44820202
97434114
13287944
35427789
95721962
39485473
28061452
51791666
76207864
79566809
96649937
12514580
58006726
70852431
30686688
75442752
98920751
22863175
21429737
48460186
12763741
50703883
88212689
53309790
97715166
14192720
65198533
91543193
82094110
24648551
20882142
26967096
46959361
61220993
32034556
85168358
13913353
48940601
11401754
22288951
69748841
64877319
17458917
10324949
47077154
50698096
79998019
88884111
60786927
90138688
27162651
94996260
36949018
74380483
75657620
55742135
19123754
88575680
12878922
19008226
41982957
14073050
41226611
41757736
89046761
90615063
74771604
73113636
37954879
41119606
97254342
39981540
27833797
85671592
79132031
74022963
88292634
27488243
28931978
41756863
18125309
73640525
26882420
36854924
58882306
28692291
61430943
38819271
46087007
10867393
30286495
56551476
37904391
59378040
91199471
52286479
60347401
48078698
57825781
98809009
50655126
98704863
78726522
79199631
88848360
26811184
37796306
97053419
14377819
29626490
13888250
33165857
93808941
44610825
89522986
95558939
40788997
60750926
29663110
60108125
16420111
48152162
23836730
37433690
97788719
46402995
36772458
36100782
74008851
42230708
25855013
16403985
34928353
57188522
20009330
17751431
47531096
11123243
64058160
39104582
24984129
35045910
25145980
29681919
80230116
37053758
16964229
85934144
31905689
72330423
90639448
70705744
51249895
32190322
48320747
51929726
67974662
60700105
92486454
95756762
81033733
35189361
56937557
48647005
59164790
73042042
59807150
88147710
53369750
17315446
62249685
87502318
52202535
79029756
46066422
76779514
29204878
62953807
82035725
66465459
87548796
71850347
74247745
29188326
17609387
98018461
41888164
37138878
47352145
98965310
76903027
12428663
20425509
63168451
40161984
78732775
70695324
11109739
74665173
43245577
73046041
76183738
95519857
14636009
17294803
71128640
18752591
96522921
24537075
39789728
76506955
14044278
99924535
32487380
69121762
39752461
60451863
24863513
85384354
12838210
61909297
10064494
79391340
76692704
98944576
11436249
82832167
53222322
88408984
30310156
45575455
39756988
37573374
89352251
34465531
16185203
94900476
44166018
10846576
43237587
12309066
33377989
11605232
16862112
69833536
60406490
82799090
30851415
72921507
15961858
15648162
15604671
11536008
36416725
52588400
68710099
48131993
94504157
13993709
62651019
46066564
69897724
82197441
44320110
22373762
76938001
91637075
62010406
37114290
33095777
77393684
25524185
54911491
13176760
30858322
48109765
57841054
81938729
87097414
42010662
12568405
53458247
91295242
96925464
10681320
16343278
84648689
95255820
52113792
76689479
61951494
78077125
13403441
50304147
35882677
17247743
38683265
85650140
58142524
77118418
83907208
15501716
15173640
95072414
56604098
37527766
41059047
99598856
84642965
70154236
74741436
40756050
69441625
18648995
30430393
96258722
10160624
84801490
14652858
27881968
93100406
93088959
97904845
82954625
10512299
61967074
42796313
32190922
45696315
50509684
78374234
53366529
28206541
65022141
97441963
71439921
47943929
32659159
86226984
54901101
84507811
51110664
13369289
98871176
49640982
80426095
81494778
31820599
58479680
70429276
92293909
25675366
16659962
68038280
34879289
11754681
26040103
71049365
22694885
47607096
96731455
57467705
21992879
90203069
25723509
84473288
27390767
58728167
18310693
48781394
68898396
50961991
20325935
23350934
51855362
13536795
64588340
50271451
85013778
11107385
64507793
16287667
32040487
17472872
55879051
45340012
36077501
50918897
47333679
54205940
93932350
98225963
23372587
53888952
32728820
79177419
11000595
55611737
59548445
55536704
55464313
21189256
91822712
26525660
68359081
68203152
20187838
68747511
45010571
23496151
65958679
99258566
24338796
58713552
81148547
25132653
10869632
86869711
95803370
83759202
55615893
30146347
23620743
27747839
33173251
20928103
61449879
67310377
54518321
43997982
13365811
23563189
95867589
13431622
83238074
92824159
58276675
17064675
74871060
26940172
46606757
26243621
70182831
66809095
75888745
36292966
71474932
59114665
61264305
98514820
91697132
27377899
16775357
19093850
68019088
48164516
32844804
40584970
49087029
24503796
16165337
89353580
51875456
41955569
99400055
54182517
61907375
84765613
67782750
32038828
55868843
58271507
86821579
74956316
82111178
41085202
63532600
41972353
89628253
72702875
79440817
58755451
37030411
92265127
28781958
26148363
47719895
97833131
68951566
52149495
49676272
43052842
19643334
95535097
82362372
77949807
72116055
22442688
61336016
73837214
23783056
45498239
53425348
47343669
95388137
51545372
99902184
20450347
49105598
31177475
52315181
32647332
63263690
33061429
72550604
24705518
59804302
89135188
38231047
55909416
18223725
75212882
15651128
19525480
12831361
88628441
67230954
44044254
13636477
81772645
34261510
47896207
38448627
51008676
20941058
66712281
21714031
78213151
79252919
70775506
62895533
96514738
72369932
34873079
40873877
94320019
59436627
26535950
26379557
61500491
67236381
27972773
50132422
93859841
78261726
38160827
89862120
25045559
78325403
69699152
78349237
70445632
14303449
52452727
33704647
38473751
53942946
73904648
35294011
94656086
23509866
94566727
64520152
11273712
25514627
13052040
68812587
11169024
88342954
85063327
78754108
39861871
93700627
97139379
90769858
47168673
33004365
73968097
79177324
39937873
59520618
39481489
11494025
21222917
56995545
91010144
21080350
27197065
63278263
71457766
45646728
33192149
74784839
63823066
61949697
81665485
85451230
19697564
31350753
93711023
81272970
37785689
77005154
31055588
10055456
56944761
64736234
28939904
86741890
91429255
24258464
85894950
15419390
72843653
24499880
38456558
26881504
75987511
80921879
20282201
32177893
49442746
17916216
64740472
80983225
26889898
65262336
20597876
18081023
61719682
88805503
43524617
30880620
32472205
74733438
59276093
53507228
91441649
13736172
34497107
75758372
80616297
94679090
13041309
25983831
89259145
65218641
57060319
45093674
95929848
95707499
73106952
58551306
38134170
36148421
19756365
71533986
37607744
46856750
71993819
85120198
92265042
58200163
95834616
87505102
46421012
29486778
37443817
25309810
64538921
97212971
48304486
17174936
57205712
54077635
36196920
37502791
38847682
30227215
60328585
45425668
59430450
56071584
82661154
59240346
64688088
14471814
94594494
22189237
70641876
91261149
23902353
38079228
20548863
68193201
40087457
92313470
21436838
73280268
89285658
59292598
91278290
26883142
35695833
33101037
77610525
83145739
28532082
60893994
57964347
70407513
75225236
51578413
60375298
52229025
61678106
41512393
58643699
30204770
57954779
39790401
67861957
83676400
57845151
20625398
70259615
63611719
60091964
77987135
72158223
31900824
61820952
19004313
49869824
62081306
98353798
99679910
32140020
87353052
32000455
54665666
46834022
67861555
34174922
32907904
78487625
64060661
48586286
88333299
45944479
73663804
87755379
12876232
30674003
19824328
10478507
80338837
17433016
35564433
16484087
43703324
80030200
25122126
25433506
26082244
62773528
54923851
99496544
49153882
99114703
23356984
37428582
76136487
73402714
51622968
94742824
52213365
55148149
97415740
85470003
52001308
32254695
68147057
79756460
25010584
46137349
58821180
39206676
86143588
37612213
83732263
71609587
35032512
58026422
22011801
40610777
52253931
66087903
63447941
62858908
93357976
37554345
80156047
91181782
46532288
34422237
54640763
52993179
44082928
55386484
56577835
18056398
98416699
46078874
39344342
94376334
90055831
72328263
15485015
44262346
44159207
56009368
20037724
47185986
15754008
83989410
28436347
14260872
72328648
10984471
40223981
42706286
96824661
62229499
34809364
10519997
69022682
25601352
80409528
88723369
88284771
16203152
44306237
67370294
65422382
58656072
29549238
61386725
63626693
95924333
40819216
15087652
49219656
39342635
64650615
70792349
45576363
85222707
89667678
67023119
32373026
39548342
14171828
87116147
47015384
76019010
41807070
69027816
37078658
10937686
79239397
20010008
12815642
89707427
61813077
46026897
79233841
11814408
29067654
76263090
14594246
63634424
76940128
34589728
94463421
35083365
82462425
53189980
94753977
33448503
34570064
81402378
95618771
64322172
68321054
29779092
93348146
10076476
71489019
96317997
59633872
16705594
44497627
69929096
45261678
72982127
14220393
25427670
90321474
85353012
53999681
28558748
98612766
93187593
79112539
36333352
11695509
67929820
35365079
84222749
94315095
91080713
19766800
80707835
90326077
49965415
59823070
33521707
57171958
43332704
80288013
29127726
73395907
33518484
38423104
98606071
40537329
13238444
34077114
86260783
36271450
29858811
49038246
43364346
43785614
14890518
44845877
51742162
17637503
97952721
40505629
46329421
43940470
19608620
61609964
63838401
17540655
79205010
48937746
21165320
33517387
38103428
95144908
90021029
41715831
69796387
79897242
28944954
12597296
64348861
15003438
77852376
11902808
33471430
21212443
59644219
22579854
98728464
13432742
41034771
94015520
85231993
65486180
31301667
48476127
36476992
26238891
56204531
19518717
15835482
83282690
85573570
24164036
41936541
98719834
51097416
13684390
40090109
80989749
62872650
13103012
68494346
12978770
73300925
22104201
18940155
10115026
76834290
15315885
67984842
88668027
74854279
41950977
54289294
29529939
85288443
11820646
35252745
70935921
75897031
11490380
46988034
18714124
12208050
41252829
66537352
63362002
39934062
41191457
59107443
69545789
34550827
37075188
78502139
57642410
12522611
65297768
71113507
76602978
22910691
10106402
78740261
35396135
77073235
78515340
35892268
95464910
26311993
24206194
90542967
53421516
85840678
61361560
95919034
66234371
73493838
13091121
53937826
10899944
13090755
83334992
83145194
92018700
42309601
63683408
45579289
16129952
85348444
59969931
29932231
74316361
72788111
56384694
48386124
28029266
58058240
39202378
59278621
40959821
40885220
53336251
18964505
20135402
91228578
15677516
55573558
20641070
40079794
19179793
75346295
50960030
41645279
18145774
88739048
14217352
41368747
21213429
60888185
48393229
11720600
12150668
50313506
96254722
65984923
46277403
33317547
18685908
49129521
31136569
35003061
44897356
54272556
45380832
59345726
68612121
45557100
57471383
51419337
26983637
78126605
65393298
91798103
65778908
75437828
11401193
72602087
39868873
39226276
38607761
37458908
53340762
40156764
82168614
43914974
28438153
51033889
41586029
40208145
43417344
94078335
59709704
91997084
85771039
50132312
94059988
45455622
17697506
86896099
78792762
95369222
68006634
58778784
39711275
30036678
43004488
56235516
63834235
15197631
96201033
95518591
38812854
45434463
84161854
81007601
38403152
46477580
27943717
75084689
69296157
16665967
52648181
29467564
56429740
35543364
57735337
48868982
55357508
54736734
23242621
90138481
74264808
67630722
24954386
59335629
39549409
12987378
26934290
93518042
28771251
51399229
61930955
47843325
86746216
88097166
29292954
76529848
37681742
51931177
75736659
97691375
31403084
84991777
23891839
74327209
83817477
79723201
35877577
72677100
46413957
72576608
10692058
12412781
62910169
28932582
80594885
88039679
21419336
68083439
18239120
35427461
67908275
87290626
20360890
57694938
48211148
82201219
36096069
29525770
65387501
46288535
20487786
13512218
65952483
30528487
29038795
53432157
31834755
52841204
19224641
18693493
69543170
13574668
96034646
61057605
43056135
24353667
20157159
93316288
79670371
46959134
61617406
18607609
44663771
56604289
99607217
94858120
99803721
69350996
88510447
51682408
85662989
17764715
74482643
50920245
76044825
70745408
46906272
55808542
54555699
93536702
67036229
47963341
56275851
83141625
56247151
30094726
18101105
80148770
33166633
35680556
58009605
89623763
36534745
52596695
74899803
36263749
39156038
20821792
56557645
68084145
22702921
86852366
10525094
54695059
79040588
84502245
67195250
68306609
46246782
92589296
17229993
79159845
53815846
84222842
68788218
79731361
79679621
44198387
96056821
71984032
81605040
35120577
49080550
65965549
94117252
83688211
49146824
80766977
96115790
60373472
38975695
10005017
50702539
80056051
35606919
94856605
34987338
43757088
12659721
67319904
45488651
75403126
51974695
18098867
72635982
98223541
35498203
22048827
40301109
27694323
59720335
66941454
68759785
99448028
36410026
30673403
98101968
90035135
37954686
35595840
25653024
77098529
86478175
80106461
32560148
68544278
50526485
23988107
98408728
27167507
73936824
26260384
68822810
31414898
65168624
91453723
92063485
19439287
75298994
57167313
83151747
97710325
32298158
81831238
22684160
47222647
23859033
98727267
86264201
29656661
46894452
51440192
50127608
33717685
65304487
46672411
55219175
50575314
97335355
44571766
76272605
75029805
57276298
57264932
43564557
30378309
90241524
16117239
20498751
51056371
72138372
93218280
22541211
33310033
29276106
38427840
86415107
59657056
14113601
14807878
93910336
35874903
92730754
70367053
33425896
42350616
17103985
91687530
42971783
20483871
12402548
90339186
97190540
71231208
99019026
30481297
72371771
56235101
23652157
84452560
22214046
47763443
19681835
78955684
59953637
98088374
71288215
60315255
35857071
92020860
59292732
52382536
77285336
65531560
75132722
32373690
98657427
82783825
65287051
88857056
48498851
94608416
20140572
22694671
78983674
63535969
36349602
88598100
66064455
59421438
72526090
58419967
56327305
33230534
57416447
40494337
71071018
70904162
57936063
13949113
36374723
75572326
27562373
87719835
22966960
82611051
34979163
90102296
83311105
39365076
80645323
15323921
88729868
42800036
23773596
86510946
46587344
45197106
49907428
94428527
35192546
46215997
21283028
31768469
28003252
48954425
65717791
95067347
45561527
31773948
15390837
71007769
91559550
71723951
43522882
92844668
73568580
29520263
48673262
81439104
99801073
14216729
44943176
28032672
62968357
90120472
98807533
12310661
29823385
81814232
67870313
44177829
63918879
70470201
88484471
25327659
67859728
76961868
63127991
81974043
20862189
72953160
32316359
69200983
39855511
83350703
16367388
99520357
81117006
52014632
81124412
19065951
60922281
62816916
93589926
23978880
69716002
66432705
62387678
36518042
86949166
50497087
10247099
86997218
70519492
71304039
67786368
69653860
92394101
51863709
40485438
55335702
21452070
57428682
73388541
96727141
63985866
75218383
65433941
61672718
44351154
99338296
27726891
21022504
97175746
51189878
90212501
24786618
41327657
32905071
24092292
72865497
46678454
70156875
91857022
56070641
40721815
48527567
35787167
94434679
66645514
41003085
26757223
83032963
89117477
82859220
27684893
95984365
55798102
87427479
94357491
73333218
42000505
29790754
24364584
53851964
65453267
31682707
53931642
17027967
89241372
37791596
82630180
92288490
38958473
22830386
68636321
40632698
74699839
28160890
40678331
61309821
19530897
65903781
15058575
27336646
73206919
38807492
18784898
15187492
80074979
98477123
74737991
26597811
15802332
99858764
27301512
56041545
62786561
88880184
98219100
92321448
64287054
18905703
60182121
64260044
41824863
55766900
22921672
31491435
27244968
87965204
42586932
16522064
23041632
90457438
24339766
69878916
71417506
73502319
35236177
31084379
30302644
55072207
91929496
93166535
10290560
59776729
58282060
81749263
11883257
23165492
25095596
88921810
70097833
47823841
24357839
64104961
43449151
59216335
20031633
19481244
32152082
18103847
92226518
71504744
18239656
42225622
44738326
21190772
15813873
47163732
24213945
88437702
13170817
22939617
94994026
31478507
41417028
15264532
81240297
76142088
38617024
89215849
69620918
60293278
27147636
76051280
78163757
75766312
92328614
41908624
75676958
60083751
22507722
56520036
34354882
56111668
79178678
81548438
30172799
52054869
53497784
10534490
93397647
71768122
90796098
40097867
70307239
95920473
55193810
26300729
70014409
65942563
51526751
81604029
58957244
24454741
62133953
51812623
86727959
70594434
12492132
24841461
60160999
16788467
57829606
45186170
28640436
71581452
74440068
74292425
74174522
74703352
62060220
46655941
82771899
82063996
51355107
47497375
26387301
13234260
89852330
18800463
81782695
11242854
64706892
93700705
29810694
32874928
33513694
24510249
47427070
71577662
11546547
58297838
92263099
44516208
35089543
76662267
52247298
21921897
43636291
14648016
34376842
98230944
26634734
10608462
53287543
81147850
75539702
83526875
13051516
98695436
46098076
21820138
44185315
71065635
10446578
83805895
41864700
30855110
63381760
41527394
48265037
86111505
34918913
23869402
91525900
26984365
80454632
14331986
92572092
75915800
16360630
87194800
10910882
62648264
20525472
14547314
11133518
27799699
36690034
15282519
31916183
28252972
87665166
67063298
46510767
80119059
14175343
81912229
59502121
17286090
79393387
14779230
70714184
96607526
51253800
11163646
66147937
50417887
38729843
41606312
62143908
40153275
13508421
28756299
12700175
45258695
93333352
56925801
27621575
20250227
32725000
24617937
46314255
12447413
24482602
52425257
64158309
54239694
92266667
53759377
49097418
11912308
83779820
48312306
94239777
56331353
44839869
54341047
78834000
50061626
85983973
52556027
21877918
50347249
19104050
69660884
23945877
41472543
73127619
62053073
16180085
10673205
39834406
41565277
18282296
48581645
63571515
34687450
45461781
44439679
25700360
37268119
78248511
48739414
21398579
85008372
46492935
56311962
40827594
49435588
54670018
65980969
22239505
76450231
41543860
88882586
28292498
24446831
21345126
51528768
95216913
80777654
71832031
55658846
82966162
67213502
14086239
73358636
17362989
85576774
33598406
85662419
82717191
58642121
77547459
72946465
84300115
23486983
70082592
37029003
18954454
82388624
80040811
36124671
16645084
23228650
67798120
20686593
19896153
99008766
19514549
89438614
20203641
91610370
28107438
17820408
32648624
29895905
83853410
44969526
42567889
67284639
59627391
31064036
33495345
22496730
21850102
57653172
37888700
92959145
69608981
43890921
94405704
56942774
29193215
84942694
11057253
49542571
48905471
74785190
10126419
57157998
23090053
84504928
49604751
45561447
65614649
49864032
29355807
74691501
21499165
42982512
40828528
51604611
94692193
71335940
70714228
84265081
86882287
24387193
51373936
94910595
84699717
92480477
65552371
22749268
45754159
67460026
92534948
20440601
73025203
15577462
81384800
78261234
27294015
41366927
94414381
21528084
20673578
78898357
41152499
77887068
69443326
97164194
74999461
48691734
31317983
83857655
29620797
65127772
85416208
37201199
57470571
98821306
51655013
30729503
35491240
51101139
46940966
33017552
87701701
60841496
77250491
99813174
38652280
59202054
44487027
20497255
80168171
76065283
78421839
51839792
78241431
47024342
85614161
48494763
76434325
34592088
26945885
46006208
40721992
81651788
21345898
60328403
55654441
99363398
57504671
52879343
34747300
45505977
91935137
96821311
51015792
97179852
39404038
48370625
94869811
80584036
94118078
45679485
35162457
84306306
23800235
80933236
62142697
74857016
13518237
32285391
21842829
18452191
65224811
26662705
73923780
67285147
23170308
37634328
79693490
92730119
72788947
56813968
86935064
63829113
56485925
65663642
69991324
29715045
94078426
14213712
11977384
39514422
15931331
75340991
45241816
39695056
51584818
83915689
48019267
21665621
11785482
23006965
72365280
38811980
18745341
83248997
19334650
58838840
14945464
61408315
27923713
25000281
59097106
12814428
98915181
60859691
87677288
96110275
48615347
78927542
54124703
41230959
33364330
92077242
92370800
70550097
82936804
71437261
35785067
59098605
33384830
90937773
30119251
86676442
44724713
58004566
92880883
82636290
65530490
29543326
41293310
57992739
42035507
29778986
34306813
96524004
28207810
25832762
54156211
35302141
38224542
78544014
77241723
52143452
92278754
34759161
26898525
75611689
20540207
57459997
12272934
45791482
76389557
77626520
31046285
54799289
25465498
74746428
34822320
68591389
14773070
92316757
76160917
54216212
39200121
28565592
67364814
79711045
11649947
55388818
43193678
16544580
77868897
21003346
62155216
96469264
29589943
91301214
64818343
48803221
10042381
74964010
11086373
51505982
72924214
32919436
61293641
16892691
20746049
61094537
88553253
78110521
68140461
90405330
89164064
35999192
53170942
44680409
96884079
60387417
22413061
71289390
60401519
99540486
14055051
66362754
91390077
57760696
38400003
24306749
30317322
31657780
83446921
97262507
57658202
18599621
46438012
71612120
23457998
48676643
63316750
40747949
56505691
30908182
39317178
13379845
80622849
80407729
61582005
31781106
83599976
16333036
71651261
59505682
10521000
33690453
72510749
80687770
28244935
46291654
45931065
89277553
30838963
99397768
89103525
86514106
88081798
36852911
59015973
66873571
10500127
83329862
36586153
93458114
27947502
34994504
90577229
80065266
22636419
57725464
96112079
47083815
31882324
24841294
34132836
16883106
36854606
94144033
11511723
40465635
30768141
68597226
54170001
75601986
77533299
69083909
27575196
68088701
85557043
68500152
51283767
21439600
47746239
93749243
78586489
11873970
98825866
65519882
41991809
54941581
90341999
70933145
59573078
60317344
79773309
83043368
81274427
20571141
90136262
91237686
71337085
21104515
93280967
87596585
33519891
19929833
73082960
33599147
67660741
13076769
78506836
32124017
10851992
79173739
26037951
51612179
89354414
71297171
73752747
60985090
23018061
42901487
97001443
61426536
89215182
28403509
26445893
80013829
43088308
61949065
95611747
70657926
63395378
89419741
41500487
29823719
23443133
59739296
75900096
89543846
56599443
89373089
34179052
16554327
86129981
19308066
69730969
47629330
11458957
91369004
95353431
42783868
95898389
97155603
72951994
56625641
67130493
33945479
84602188
46662476
32206930
60638419
64383133
18002763
72496160
74304779
37417793
33919963
51561455
38791174
37209548
12606330
75444011
76034244
79328921
30545832
10783314
63660584
77464706
21929590
23544729
97885954
25543968
27538595
95569747
52066928
46468015
31812670
22012217
14176010
37570703
61079560
36167005
39446180
21530205
89607608
95631339
22080632
30276808
11878468
64740873
58872994
76410014
14182208
66946942
19632188
15125969
61231319
57445978
53677992
19810640
17024556
20951086
91728691
67900328
14860484
74614794
15219971
25749872
17229171
33292890
27826459
98535653
94684557
29031548
76467953
99000460
81470193
50975427
86633043
52040982
20846921
57200654
99718002
44734400
88693852
95027405
37620507
76164543
81503139
99413897
39531332
59052768
22275980
51978789
17889753
82467128
25169791
74910610
12704953
82311373
64488340
96713257
75877750
70307669
92636353
23159642
86350802
84353510
92714819
89953426
22415103
13434458
77172998
83488568
23450540
16113100
85155323
42726320
10796243
45251622
61777198
74370819
13731641
73995055
27595400
45090751
64125889
46914053
69439943
59447456
55219298
47553465
71596157
15458011
41584940
66187231
59442501
42530743
31151964
11427227
81069166
56666646
63437411
64447055
59157649
36179285
37639187
65744661
81241494
56678349
16303787
73947168
14416294
98377925
30221082
40136863
45774135
21027584
30738040
11817699
75460935
51450623
14104163
21745304
51883206
92155170
42822540
48590523
15552383
54492551
29747343
68359338
28080309
39419804
37987361
32216261
17080370
22402945
49888946
23478014
86642781
13357191
23466284
79984350
42475840
47603586
69120325
69276128
58492254
29500549
42636935
33637064
39382543
84888480
54072044
48751144
77104890
88375320
83278829
51591698
15182932
43091056
26176990
30173952
27320405
86865735
27779195
24932812
94476958
13697158
16308224
55229600
65827402
98438431
44138709
42582040
31033883
67165105
41762445
76367274
47577780
50213104
31453315
54485848
69239983
37235310
35954138
15236384
21499712
92353932
25458528
25393419
78014199
28782806
31560433
92335680
26691822
80381297
59992946
61061592
48889009
76967935
41852447
86414637
47778318
89757561
20919242
28719720
39308715
64199913
10050417
71719432
49452698
39251240
25340580
40418545
77276159
59407389
75387675
50120949
95149082
93272445
73874030
79625433
57949825
33140630
56122670
69338171
58934302
65258138
34000020
60285860
85317925
42033089
83316340
85780591
80666189
72416245
44624136
99755177
38759321
88608201
88130708
59973111
60403594
59382080
48860081
10237022
66445021
94420945
26752136
59233638
59359847
11427543
50728253
44367123
98828042
47929424
62103462
41877160
12533217
40226854
78543567
57505477
76454816
49635988
42249570
88904142
84884548
28933833
47226389
30465569
94072863
58367798
37698808
92950447
35599097
46708167
67545279
17749334
82885322
49449456
59231173
72537524
98421948
80711919
10006166
17515943
37838914
66735655
38157886
88702784
38487516
77716328
65355063
41758447
75890485
37146998
64784107
33879474
74676531
97710080
63546610
31506072
60644106
42306193
34728393
39648725
16191982
60708626
15164399
30264803
74042047
86611263
49105865
95909607
33043307
77606122
73276090
40707064
72494623
40316642
17109402
72289706
36656789
88564046
64114211
40178898
74725026
53391665
74161303
50380185
34453817
53486364
72595036
35232301
75529607
77191587
76176347
74689231
63510951
84200772
14121608
87509830
43196893
66128225
84789027
68430510
85060370
84259627
88565688
60392605
67270625
30055007
39682899
83341487
53737846
57913897
13644156
14342547
59367108
85738806
67003837
75009407
67241885
53233779
87641443
54711730
19492826
50146484
66369198
10796309
66417260
45281651
66873512
61632678
88711321
38866238
78542144
82865760
65756613
69667893
31027287
96531293
88837595
53270950
60751743
37171950
34464951
44289211
15418053
54101845
14300998
19930249
43362365
81200130
13531173
37555613
40615068
40673894
46619378
10424221
75189975
90042088
86277224
65586775
50479511
51664615
41713381
54956912
97377030
99682741
72513819
58667672
32692645
40623122
88919329
87807663
54420300
52017603
77517706
84310089
10322014
25194592
12223382
76659107
36026518
44450069
22705179
81114975
72882221
18367600
47900220
60738946
21945136
89999820
84278906
19909549
56403764
66223354
76361297
16752683
86524773
26024255
36936503
28713294
57063689
29877553
22753076
52804081
11193227
36457881
17974308
72483738
23980103
65797429
37348233
29137848
63961492
85232599
17537326
33300876
44335387
76851024
65594206
38875443
38924970
44639981
90144091
44940067
47472673
98391214
88464826
95385090
23216760
83118099
44989301
93286252
37198718
48865219
97553660
85877731
48176980
29313833
95807420
66947837
39561223
58728082
11742207
48372328
36158630
14045101
15816659
46055278
67511833
14891183
72412976
22221070
48110318
46181709
16118080
16370311
44177652
53895228
84816670
12286056
93287538
78468621
86134590
30469680
29997623
60711536
10609101
59566578
95497333
70743508
34786047
87155442
90803326
19219163
95799766
43009822
13272454
48539682
83431159
57241812
61411708
40381655
38009829
90185846
26090504
31925397
83347760
58834562
79279078
66848967
58873260
99882334
18012489
80787697
72296083
54652175
19728105
56898778
69106267
81454944
47636038
19873730
25441229
88984222
27056998
88759821
29848506
31131031
28937869
21084948
72481068
33528109
58288967
12764041
95468468
46485099
17484234
66400592
66814986
22528144
93161762
56926735
41474206
40813352
91113412
69536635
31468786
27971489
99520675
26477658
90515852
93098431
91495111
17126239
79556160
27561996
33419321
98736906
10115677
68989310
65739669
12940307
75609078
34825942
12867392
76776158
24996459
85145562
99223463
28496632
47908774
28008883
72723113
30563895
74546137
40872851
91172097
15869734
57085769
37516784
43904345
66006413
64758047
37052784
19419029
51659551
80013173
91420049
64603361
86088005
58380332
78670351
44382648
16851349
44495266
10571987
97139373
34045414
44608769
64864690
79983028
44747269
54136625
40931457
31344517
57900710
31356401
41533300
72540502
73270899
38585893
73268125
35513249
50770861
44044751
14581466
82059269
37115986
20180102
28257304
76907391
62073027
16285861
16934807
64069748
15477895
31567344
50907078
73801200
61899565
46267408
70992081
58216624
81738032
64236794
39301901
78545288
86948484
27208990
83961859
38220545
25270263
44491441
93129447
63279410
94890711
30252997
83761387
67439659
40933265
36675474
19952221
14556632
82536180
74531867
10293943
61964644
26185910
52465818
86950365
13531227
17850144
37155235
63112186
29540483
48113128
76771250
64853745
93269269
84189617
89437727
98302738
89866561
65390851
81670127
60924893
95182706
70907957
21439325
37916988
21727745
65507861
56082789
20931760
91698291
13500958
45639007
68215523
23322488
81034038
65581886
64146637
21918208
69580085
11029517
79047081
33346207
14652830
34767938
41502085
40629252
20597671
12621989
52802220
27465754
21663072
64784156
63843210
36274892
10345238
77602838
10532417
15898510
23387420
24610498
17104402
14879769
85343822
38339676
39348907
34158859
92781290
41811831
70586832
79561016
38576692
39127002
48974294
57934328
26974089
15996374
52932437
30763903
35259459
91488112
22366116
91139839
57539604
47805546
10336974
28485392
26309586
42285151
95366777
35932745
90436492
91802663
39659491
54152959
79513687
13239885
98116317
67485097
88543308
63338777
66491456
53605026
46040001
15172208
22257455
46104107
76929721
95922220
80041081
41374959
76002966
40965589
85621015
63861667
83910420
72229212
30891223
35040564
78362213
79966518
57629712
93655048
55467955
57695553
93667511
31688822
16509735
52667544
37243451
23891687
18077658
88524527
17177843
36873831
17683713
33681150
13963529
46204670
16642328
46345609
54521176
28376617
49785428
45102295
16423503
78990611
72020357
92281373
35104352
77800569
69414711
14910246
31882065
35628439
38732654
97261837
83913347
61589386
32941265
46327607
49570096
13507690
67167129
60828328
40539377
78112987
53610220
12993640
80779868
57437903
12945040
41008608
92804091
92418979
19157796
62757705
71124161
43712131
99948837
50337226
45228763
71375248
21712976
89461892
93667081
57258896
64986770
56565595
58742043
69774483
98811367
81692413
50152223
73143411
42947924
84418453
10003144
51617361
89105840
13030579
24299995
99497154
11515051
82789853
47499582
51163013
46402430
88590346
99055976
21157871
10630187
36557187
97465837
43587297
70827795
76941586
44555012
20286121
87358349
84207806
92236823
76308090
98163829
30567326
65095772
32553958
92012266
24274695
70306818
97081529
75242015
41410234
44367574
36105102
65619322
49467661
20241758
51527984
26492877
74471749
13777055
47629540
37547070
34732699
87570134
37939117
84033503
84144355
97268501
92576226
27929089
85698369
18852901
36461464
77261747
31379756
18182787
71549081
85833295
42310172
45072275
81343498
84307911
79091422
17679990
10602979
10954932
85010624
88878099
41388704
61050201
62027117
11504816
76555646
38105229
30530052
65318039
24136984
86463280
57521029
99628316
95819744
23334846
55754199
75753843
23459289
80203347
72226099
81202176
42118156
95890723
49122099
42255047
48415209
58139196
23925804
94354958
97613013
55447358
35505296
32353562
94297923
50772422
90833179
10366941
88013075
64561817
48741670
47747536
43536543
11391720
34398630
78926465
83096235
86321879
64875826
72633827
46444290
27271873
92908824
77778086
10519215
45343450
38285012
31546036
10891192
77228358
15682879
31223602
42693883
90430644
17098541
91848897
33243470
72974616
93750415
95670449
57137274
59918565
63393193
42892936
49027696
50359935
49238025
11443591
52954265
72910544
58775630
87689349
38669900
47612298
19867240
30708807
87657306
90475294
61282320
60635171
14619009
77704661
91697064
68005820
37836290
73549555
11574181
53776937
56866943
32257801
92071970
35024636
57944018
51495962
42676121
85789415
73767193
17023106
60662601
65443354
92281023
67275871
88577885
31797018
78034881
30845126
38165763
22319261
64738597
38742731
75527414
13037010
18956112
36599794
39762584
58363958
97038725
34163760
61074781
13188356
81713961
66264416
85164691
52762909
54117962
28568223
94745395
93780621
33998677
74404883
48733094
69887450
64378068
15979557
86485931
40263047
52332387
26518880
94965612
78439554
47328647
12968110
23361186
15946577
80599080
11691937
28316220
54912851
26108352
61697529
88577168
80856150
65495575
77455682
85815971
21944083
34622485
65566441
43750744
84010798
37233583
41131440
40900956
92362370
50885513
86881096
64685821
29518207
62666865
68376422
95409666
56442880
18435385
89793566
20553016
35787723
87592572
71557379
24344216
21213835
42481927
31356983
12634645
98406078
77106827
99148743
81923054
42599801
48465177
53366316
91006256
44415448
43839476
71350029
17120603
36767749
17712359
12062809
88380095
82752727
46450247
49842345
63548831
56067611
46325190
68359757
96408676
63729402
46955062
78058780
61982632
25385542
19560294
11261191
26885624
97062752
77758879
10064892
31700650
13952433
89732161
33934923
66635463
48107852
18807018
42432359
94044283
37598243
58012480
38115530
56488685
34949548
52185728
37651832
74545156
53754595
21199489
51063182
76540736
56931956
61739049
45060834
20825094
82522969
13831202
47298014
83346965
71126106
68994574
46793011
85754232
63214687
94486322
53459606
18689841
35445271
96892859
84930124
55799326
65598150
63563008
14609522
88705741
88031845
62115416
76106340
33126010
36926302
15045065
16367529
56161308
41546774
73389987
23352235
66166426
73732901
11004065
51621302
13814642
25285963
98927240
27559598
80397662
10452260
88515839
80484137
76383998
33673340
32179272
14997247
41483968
85049006
18813676
59294406
27073316
18651985
95410402
89056935
43804686
52863578
54388758
21371902
38067778
52342951
93716311
96145004
41039132
53342865
76615184
87231473
83543104
41104803
15117851
14839425
34099605
91746405
58408880
53391758
17444508
73508396
92260813
21542587
12094206
93011032
50967037
20230243
79771206
95488408
54656265
37131402
46547159
76835092
87214991
77036803
89790113
11547563
90445403
38268603
60345646
21346194
67080475
83441416
75958261
52306215
33099928
49865121
17706632
26592315
79554003
80857879
79135679
38346459
77740321
71204048
37174944
71247678
81818157
12317424
96729798
11924489
76780597
94061761
25808841
62666496
97328193
74861044
72994841
56642468
80359462
34459135
81930709
93783902
24115261
54274460
42553825
84534075
51773306
12963887
35739678
10729822
33817960
14295535
21812407
27627767
69734270
56240787
89381835
56201871
48724069
11434164
66039592
70528641
65777855
30515289
11974380
10869310
71900164
85221340
73695149
81715771
78820492
24581752
29644171
99642904
58017997
33553551
81245449
38384039
19208515
21847917
22391553
70117768
68281546
63358002
98658881
74315886
96214779
62390893
33833891
43739243
74398897
48449547
21290639
90847834
22890613
92171273
82661850
29716952
20974363
92793088
77710285
75280951
97020136
61683865
94564124
40265586
29117394
70394938
32231836
99210431
21325915
81907080
48446333
98743014
36802391
24680825
35304137
23275266
44082289
87606929
30491248
24181071
32408622
53082532
29351422
75742323
25704245
16646318
14776997
21233670
84673636
76577170
32285647
34390998
73782049
53939406
24099990
30647380
13523686
30980795
90910397
62689405
14593311
73974605
49002006
82224241
41044384
12551298
28118260
16977103
41898552
25359803
22464632
83881584
11598514
46234314
56762433
66532283
19289090
96483888
50171024
46030928
49813764
61807100
38388634
38779165
59105992
69904523
32946193
97058516
12469865
92267891
74663225
29499587
20832644
23985554
54591186
87459696
12684771
31623092
22484920
96778308
53722243
97340735
12016030
53876588
31533131
27962167
75473182
40203607
56523686
72869215
96768923
51348874
21845990
18371174
40860886
50700319
17675376
16334447
55242648
35415971
36441972
32231159
56606714
23620197
50869291
82232758
89601278
82433312
79450626
83648691
44607033
69447688
28556222
40063037
84999082
67079402
21076224
14301614
59886327
95678931
37650075
68869690
10255441
93275811
17475647
54808254
59001443
83541679
31878187
26945872
79777623
97533779
39938907
65671581
66793397
52025848
68228008
89925561
55729995
64429256
58432957
68481712
47585181
26193369
87803233
19941294
20594351
31988105
41172690
29365080
63392031
79483849
74853408
18928171
36403243
52845527
94895460
30251503
65703611
40580141
39113802
49935458
52115277
96620367
53396747
10559470
80928619
30312251
62955897
19870355
77834066
70147327
52086665
94196736
56527048
36394809
97664045
85720236
49333439
65957783
15395898
34549805
67951293
59035306
67271344
94992736
69854369
67453974
97285440
35807535
14356965
28970599
14830471
33827550
61789746
34483094
10476005
61903416
65202024
43715544
16624331
83608629
30603332
16445759
38014673
96584343
10615163
78096191
99624975
95402934
63195516
35952090
34341873
63944367
56529820
87652184
81550827
61379387
94195182
93424702
50688805
27994260
60647711
67670776
67625824
21007300
97137685
44885480
84584689
29157164
38996320
19509457
50170479
43024941
22889724
84474145
33328330
28656136
89412942
89225613
68894214
70778163
83732264
94507979
96261446
15390179
99196440
94457891
92518077
20370808
46257279
50307499
57115252
12596464
67804824
47682136
13506354
68173514
13623059
43700241
65628454
31505276
36317624
22707687
85249021
67159494
37816071
35502501
41844647
57528373
91150927
47879948
35199967
74309723
43290260
75620999
29916143
20782858
90609065
29695389
24073943
50445014
93987611
47735203
96080369
89441479
88891635
63255311
16134797
60701910
43985987
10816494
48108261
34367992
97125712
73153518
46339122
87288910
70766861
62167301
84589269
23139913
59964078
93878562
66662531
93558547
95503019
36696684
59475624
25333030
37149335
94474116
53222816
60876809
95683609
79963593
57747861
91003864
57507736
90724718
43194751
58115933
35663282
10651590
89608571
72547077
85002674
68895767
80584670
54830160
99819763
62472558
60228034
98190198
69817285
76233839
27180217
89485430
50139800
65948147
62190930
92841972
76925197
97583094
96935989
79173584
13596976
37960930
23767733
25488088
19893229
56589158
63446591
16458419
76451034
35146750
87421438
50666909
11660123
57030625
99149248
25927945
49178487
90144941
82228964
88507974
90357606
73448159
22561745
20502091
46970761
36800054
17178524
80686640
54324653
45345510
62161968
82284348
88335204
45179340
87940750
20517640
70048363
14512114
39344633
75895832
83388167
89235406
60170843
36412987
44236131
93975208
24041292
42259439
38279033
33726028
78196055
75834236
65741233
51924963
70120911
20862155
27221149
10822102
34922581
26642113
47305201
65523660
12785811
93085101
17935437
50622817
81102915
29269062
81415244
34348175
58203395
12335382
31582555
59267532
88743554
54588281
81312845
96839374
20687445
48839737
19371167
86280206
72098543
95873340
19887096
93018179
93278662
18926859
22200761
98907503
92765928
60986539
99269820
99623660
57221264
88387797
76613907
85378253
62404707
72226385
55668864
63097308
25274376
44786353
99741689
13242409
32718468
74296002
67787930
55176086
64367206
83002723
83633019
44078623
29837463
72625673
66646297
83454463
13532366
45559533
89268635
67103085
64517897
49908226
18871696
65899917
24142132
99261918
93632525
21220906
30642222
30633229
91485943
11447985
68869713
98705785
38668253
55306680
74054534
73888194
19033920
59257768
11875782
10262673
24483398
26083584
27670528
93216133
46618212
42390806
29559096
82258342
47748656
41690497
99355156
66283605
22963490
29257920
64249390
54580565
84157585
39746221
14416221
15851795
40492787
10749646
80324962
39669564
26447963
97294850
37986493
34973150
42154473
49053441
22157867
11467224
32518572
45585778
32985829
18531940
44457149
87245630
29133803
91765013
83152492
26124159
50354363
50500281
99291869
12503656
52119429
99595313
20241725
14108927
77089779
11135001
66129164
62487043
69345117
94979002
20738367
48621548
92922347
95635333
42533295
94702337
36157888
46312039
58531084
57957903
71684789
48546341
82688873
60346909
38485016
55335959
20448571
75190194
83252067
51529268
43314261
82847603
36821204
30935254
18570985
93627952
81300658
44396293
99920256
73195199
71485604
51707913
36264513
27429967
43944726
67642946
14406153
16631684
98534962
15164183
59949893
76984333
81260428
57475478
48479859
20805589
88880803
28581182
71845497
59781065
29313308
29167763
36277865
84161530
75679490
29479466
44226509
17223345
36997667
90165254
64551827
37096469
41294634
53789525
70424929
13549372
57804080
27058639
48954385
80864265
96969840
23057659
98687631
91909521
11919760
10676943
71651319
48160643
61436920
76851287
35574164
87517338
29313213
25511966
20684869
36088276
13817751
71125347
61999688
79643924
39773303
13069611
30700285
69682495
85149158
84867096
60459260
23264439
27528615
78521400
70834285
99840815
73611007
32331824
94812700
19082126
50151900
56693060
21420222
59081310
77157537
77010505
75856569
47932635
82117222
53922832
30529310
73707696
80337700
23465893
74628568
16376199
40214750
18996382
52657321
34834208
99713356
96237359
96238460
28752972
36924999
52211890
25887878
27985391
25049175
42477613
34109731
73010520
73768407
51389790
15181426
28356472
96838676
66033825
44676518
32026558
57557473
29911353
92021735
11876466
20571570
70869018
13720216
62043851
46493733
60972217
46809630
48763147
80444859
95938813
88427530
35545126
55088317
29309617
26437624
95882353
21897124
76497424
16647324
50649213
56132541
86191893
51633118
98488508
94608858
97568824
48380943
15711082
93862513
26814567
22828092
76083079
48410141
43482520
18722524
29957804
72572593
63721602
83578780
61374700
78793668
76403640
91313699
79086937
19653687
85213106
52873273
87815883
53343749
61782542
52681703
34325030
58236022
85309745
26744640
22693225
55939238
64583325
66090400
44176453
59350559
78138486
80064372
28899322
75699884
82923074
44556043
56436960
31177191
68060052
90646760
44426472
10011532
60069723
90229098
52901752
19537863
28424836
65342167
99248134
93748120
89880131
12309452
19868272
84594645
75101814
42030645
20499204
80901610
90121190
15909351
57578489
36839352
34805990
14738512
51744711
37129267
72829927
77741382
46125899
71831619
56126108
18899728
94601670
94894124
59936894
54921748
56067314
28355242
60524047
84056330
81972876
69889309
40040290
44890923
50932665
95642745
75735187
27146962
34515883
81754522
36173212
46876231
18781928
10153959
92156015
99638304
74509890
12698846
53508525
54435051
63762096
98883440
30487395
86443154
76940824
48876759
83789588
35761625
75188619
59064771
73083710
19352340
22629116
38776521
97763167
50562096
99500506
48550008
53782156
84881769
91323977
26537404
31407762
30702193
45714928
34921070
62994743
71935544
59608924
58438433
14002849
23159856
59266545
64295419
46616799
31042753
82183800
69995904
97640407
50342391
86980865
25040554
37427350
44510406
93396141
70427802
79409855
39574569
46865250
18527105
99606455
29060046
53108467
75169441
64474587
70248452
23542382
80976241
16236715
24328579
79372128
34970088
62523795
92468330
41489325
48848823
80403670
79401300
33234970
43446870
89214328
33932776
86849171
25158586
37754780
15039608
97587351
69430065
33723205
97444053
66222937
32951798
61797549
53935968
65659912
43918933
70192287
52099583
61073054
26421822
86074827
18501432
43314452
31794390
33992215
56422032
78973700
16482770
74434759
81082236
49006837
73552312
40906788
75290899
84580261
53605787
81874459
58278479
79029549
76202953
80079695
62453319
35062470
28468410
34340424
35005899
99875197
94691989
15277344
15296775
46844005
79716729
